cases=[
#3^{1+4}:2.2 generic 2
(integer_lattice(; gram=matrix(ZZ, 19, 19, [4, 1, 2, -2, 0, -1, 1, 1, -1, -1, -2, -2, -1, 2, -2, -1, -1, -1, -2, 1, 4, 1, 0, -1, 0, -1, 1, 1, 1, -1, -2, -2, -1, -2, -1, -2, -2, -1, 2, 1, 4, -1, 0, -1, 0, 1, 1, 1, -2, -2, -2, 2, -1, -2, -2, -2, -1, -2, 0, -1, 4, 1, 2, -2, 1, 0, 2, 0, 1, -1, -1, 2, -1, 0, -1, 0, 0, -1, 0, 1, 4, 0, 0, 2, -1, 0, 0, -1, 1, -1, 0, 1, 1, -1, 1, -1, 0, -1, 2, 0, 4, -2, 1, 1, 0, 1, 2, 0, -1, 2, 0, -1, 0, 1, 1, -1, 0, -2, 0, -2, 4, 0, -2, -1, 1, 0, 1, 1, -1, 0, 2, 2, -1, 1, 1, 1, 1, 2, 1, 0, 4, 0, 0, -1, -1, 0, 0, -1, -1, 0, -1, -1, -1, 1, 1, 0, -1, 1, -2, 0, 4, 1, 0, 0, -1, 0, 0, 0, -1, -1, 1, -1, 1, 1, 2, 0, 0, -1, 0, 1, 4, -1, -1, -2, 0, 1, -2, -1, -2, 0, -2, -1, -2, 0, 0, 1, 1, -1, 0, -1, 4, 2, 1, -2, 1, 2, 1, 2, 2, -2, -2, -2, 1, -1, 2, 0, -1, 0, -1, 2, 4, 1, 0, 2, 1, 1, 2, 1, -1, -2, -2, -1, 1, 0, 1, 0, -1, -2, 1, 1, 4, -1, 0, 2, 2, 2, 1, 2, -1, 2, -1, -1, -1, 1, 0, 0, 0, -2, 0, -1, 4, 0, -2, 0, 0, -2, -2, -2, -1, 2, 0, 2, -1, -1, 0, 1, 1, 2, 0, 0, 4, 0, 0, 1, 1, -1, -1, -2, -1, 1, 0, 0, -1, 0, -2, 2, 1, 2, -2, 0, 4, 1, 1, 2, -1, -2, -2, 0, 1, -1, 2, 0, -1, -1, 1, 1, 2, 0, 0, 1, 4, 2, 0, -1, -2, -2, -1, -1, 0, 2, -1, -1, -2, 2, 2, 2, 0, 1, 1, 2, 4, 0, -2, -1, -1, 0, 1, 1, -1, -1, 1, 0, 2, 1, 1, -2, 1, 2, 0, 0, 4])),
integer_lattice(; gram=matrix(ZZ,3,3,[-6,0,0,0,0,3,0,3,0])),
[6]),

#A_6 generic 1
(integer_lattice(; gram=matrix(ZZ, 19, 19, [4, 1, -2, 2, -2, 1, -2, -2, -2, 0, 1, -2, -2, -1, -2, -1, 1, -2, -2, 1, 4, 0, 1, 1, -1, -1, 0, 1, 1, 2, 0, -2, -2, 1, -2, 1, -1, 0, -2, 0, 4, -2, 1, 0, 0, 2, 0, 1, 1, 2, 1, 1, 1, 1, 1, 1, 2, 2, 1, -2, 4, -2, -1, 0, 0, -1, 1, 1, 0, -2, 0, -2, 0, 1, -2, -2, -2, 1, 1, -2, 4, 0, 0, 0, 2, -1, 0, 1, 0, -1, 2, 0, 0, 2, 1, 1, -1, 0, -1, 0, 4, 0, -2, 0, -2, 0, -2, 0, -1, -1, 1, -1, -1, 1, -2, -1, 0, 0, 0, 0, 4, 1, 1, -1, 0, 0, 1, 0, 1, 0, -2, 1, 1, -2, 0, 2, 0, 0, -2, 1, 4, 0, 1, 1, 2, 0, 2, 1, 1, 0, 1, 0, -2, 1, 0, -1, 2, 0, 1, 0, 4, -1, -1, 0, 1, -1, 2, 0, -1, 0, 1, 0, 1, 1, 1, -1, -2, -1, 1, -1, 4, 0, 2, 0, 0, 0, 0, 2, 0, 0, 1, 2, 1, 1, 0, 0, 0, 1, -1, 0, 4, 0, -2, 0, 0, -1, 1, -1, 0, -2, 0, 2, 0, 1, -2, 0, 2, 0, 2, 0, 4, 1, 1, 0, 1, 1, 1, 0, -2, -2, 1, -2, 0, 0, 1, 0, 1, 0, -2, 1, 4, 1, 1, 1, -1, 1, 1, -1, -2, 1, 0, -1, -1, 0, 2, -1, 0, 0, 1, 1, 4, -1, 2, 0, 0, 0, -2, 1, 1, -2, 2, -1, 1, 1, 2, 0, 0, 0, 1, -1, 4, -1, 0, 2, 1, -1, -2, 1, 0, 0, 1, 0, 1, 0, 0, -1, 1, 1, 2, -1, 4, 0, 0, 0, 1, 1, 1, 1, 0, -1, -2, 0, -1, 2, 1, 1, -1, 0, 0, 0, 4, 0, -1, -2, -1, 1, -2, 2, -1, 1, 1, 0, 0, -1, 1, 1, 0, 2, 0, 0, 4, 0, -2, 0, 2, -2, 1, 1, 1, 0, 1, 0, 0, 0, 1, 0, 1, 0, -1, 0, 4])),
integer_lattice(; gram=matrix(ZZ,3,3,[-12,0,0,0,6,9,0,9,6])),
[2]),

#A_6 generic 2 already known

#L_2(7) generic 1
(integer_lattice(; gram=matrix(ZZ, 19, 19, [4, -1, 2, 1, -2, -2, 1, 1, -2, 2, 2, 1, -2, -1, 2, -1, 1, -1, 2, -1, 4, -2, -2, 2, 0, -1, -1, 1, -1, -2, -2, 1, 2, 0, 2, -2, 2, -1, 2, -2, 4, 2, -1, -2, 2, 1, -1, 2, 1, 2, -1, 0, 2, -1, 0, -2, 2, 1, -2, 2, 4, 0, -1, 2, 2, 0, 0, 2, 1, 0, 0, 1, -2, 0, 0, 2, -2, 2, -1, 0, 4, 1, 0, -1, 2, -2, -1, -2, 2, 1, -1, 0, -1, 1, -1, -2, 0, -2, -1, 1, 4, -2, -1, 0, -2, -1, -1, 0, 0, -1, 1, 0, 0, -1, 1, -1, 2, 2, 0, -2, 4, 2, 0, 1, 2, 0, 1, -1, 1, -2, -1, -1, 0, 1, -1, 1, 2, -1, -1, 2, 4, -1, 0, 1, 0, 1, 0, 2, -1, 0, -1, 1, -2, 1, -1, 0, 2, 0, 0, -1, 4, -2, -1, -1, 1, 0, -2, 0, 0, 2, -2, 2, -1, 2, 0, -2, -2, 1, 0, -2, 4, 1, 2, -1, -1, 1, -1, 0, -1, 1, 2, -2, 1, 2, -1, -1, 2, 1, -1, 1, 4, 0, -1, -2, 0, -2, 1, -1, 1, 1, -2, 2, 1, -2, -1, 0, 0, -1, 2, 0, 4, -1, 0, 0, 0, 1, -1, 1, -2, 1, -1, 0, 2, 0, 1, 1, 1, -1, -1, -1, 4, 0, -1, 0, -1, 0, -1, -1, 2, 0, 0, 1, 0, -1, 0, 0, -1, -2, 0, 0, 4, 1, 2, -2, 1, 1, 2, 0, 2, 1, -1, -1, 1, 2, -2, 1, 0, 0, -1, 1, 4, 0, -1, -1, 2, -1, 2, -1, -2, 0, 1, -2, -1, 0, -1, -2, 0, 0, 2, 0, 4, -1, 0, 0, 1, -2, 0, 0, -1, 0, -1, 0, 0, 0, 1, 1, -1, -2, -1, -1, 4, -1, 0, -1, 2, -2, 0, 1, 0, -1, -1, 2, -1, -1, -1, 0, 1, -1, 0, -1, 4, -1, 2, -1, 2, 2, -1, -1, 0, 1, -2, 1, 1, 1, -1, 1, 2, 0, 0, -1, 4])),
integer_lattice(; gram=matrix(ZZ,3,3,[-2,1,0,1,10,0,0,0,-28])),
[2]),

#S_5 generic 1
(integer_lattice(; gram=matrix(ZZ, 19, 19, [4, -1, 1, -1, -2, 2, -1, -1, 2, -2, -1, 2, 2, 2, -2, 2, -2, 2, 1, -1, 4, -1, 2, 0, 1, -1, 2, -1, 2, 2, -1, -2, -2, 2, 1, 0, -1, -1, 1, -1, 4, -2, -2, 0, 1, -1, -1, 0, 0, -1, 0, 0, -2, 0, -2, -1, 2, -1, 2, -2, 4, 1, 0, 0, 2, -1, 0, 2, 1, 0, -1, 1, 1, 0, -1, -1, -2, 0, -2, 1, 4, -2, 0, 1, -1, 1, -1, -1, 0, 0, 2, -2, 1, -1, 0, 2, 1, 0, 0, -2, 4, -2, -1, 2, -1, 0, 1, 0, 1, -1, 1, -1, 1, -1, -1, -1, 1, 0, 0, -2, 4, -1, -1, 1, 0, 0, -1, 0, 0, 0, 1, -2, 0, -1, 2, -1, 2, 1, -1, -1, 4, -1, 1, 1, 0, 0, -2, 1, 1, -1, 0, 0, 2, -1, -1, -1, -1, 2, -1, -1, 4, -1, -1, 2, 1, 2, -1, 1, 0, 2, -1, -2, 2, 0, 0, 1, -1, 1, 1, -1, 4, 0, -2, -2, -2, 2, 0, 1, -2, 0, -1, 2, 0, 2, -1, 0, 0, 1, -1, 0, 4, 0, -1, -1, 0, 1, 0, -1, -1, 2, -1, -1, 1, -1, 1, 0, 0, 2, -2, 0, 4, 2, 2, -1, 2, 0, 2, -1, 2, -2, 0, 0, 0, 0, -1, 0, 1, -2, -1, 2, 4, 1, -2, 1, -1, 2, 1, 2, -2, 0, -1, 0, 1, 0, -2, 2, -2, -1, 2, 1, 4, -1, 0, 0, 1, 0, -2, 2, -2, 1, 2, -1, 0, 1, -1, 2, 0, -1, -2, -1, 4, -1, 2, -1, -1, 2, 1, 0, 1, -2, 1, 0, 1, 1, 0, 1, 2, 1, 0, -1, 4, -1, 1, 0, -2, 0, -2, 0, 1, -1, 1, -1, 0, 1, 0, 0, -1, 0, 2, -1, 4, 0, -2, 2, -1, -1, -1, -1, 1, -2, 0, 2, -2, -1, 2, 2, 1, -1, 1, 0, 4, 0, 1, -1, 2, -1, 0, -1, 0, 0, -1, 0, -1, -1, 1, 0, -1, 0, -2, 0, 4])),
integer_lattice(; gram=matrix(ZZ,3,3,[12,0,0,0,-10,5,0,5,-10])),
[2,3,6]),

#S_5 generic 2
(integer_lattice(; gram=matrix(ZZ, 19, 19, [4, -1, 1, -1, -2, 2, -1, -1, 2, -2, -1, 2, 2, 2, -2, 2, -2, 2, 1, -1, 4, -1, 2, 0, 1, -1, 2, -1, 2, 2, -1, -2, -2, 2, 1, 0, -1, -1, 1, -1, 4, -2, -2, 0, 1, -1, -1, 0, 0, -1, 0, 0, -2, 0, -2, -1, 2, -1, 2, -2, 4, 1, 0, 0, 2, -1, 0, 2, 1, 0, -1, 1, 1, 0, -1, -1, -2, 0, -2, 1, 4, -2, 0, 1, -1, 1, -1, -1, 0, 0, 2, -2, 1, -1, 0, 2, 1, 0, 0, -2, 4, -2, -1, 2, -1, 0, 1, 0, 1, -1, 1, -1, 1, -1, -1, -1, 1, 0, 0, -2, 4, -1, -1, 1, 0, 0, -1, 0, 0, 0, 1, -2, 0, -1, 2, -1, 2, 1, -1, -1, 4, -1, 1, 1, 0, 0, -2, 1, 1, -1, 0, 0, 2, -1, -1, -1, -1, 2, -1, -1, 4, -1, -1, 2, 1, 2, -1, 1, 0, 2, -1, -2, 2, 0, 0, 1, -1, 1, 1, -1, 4, 0, -2, -2, -2, 2, 0, 1, -2, 0, -1, 2, 0, 2, -1, 0, 0, 1, -1, 0, 4, 0, -1, -1, 0, 1, 0, -1, -1, 2, -1, -1, 1, -1, 1, 0, 0, 2, -2, 0, 4, 2, 2, -1, 2, 0, 2, -1, 2, -2, 0, 0, 0, 0, -1, 0, 1, -2, -1, 2, 4, 1, -2, 1, -1, 2, 1, 2, -2, 0, -1, 0, 1, 0, -2, 2, -2, -1, 2, 1, 4, -1, 0, 0, 1, 0, -2, 2, -2, 1, 2, -1, 0, 1, -1, 2, 0, -1, -2, -1, 4, -1, 2, -1, -1, 2, 1, 0, 1, -2, 1, 0, 1, 1, 0, 1, 2, 1, 0, -1, 4, -1, 1, 0, -2, 0, -2, 0, 1, -1, 1, -1, 0, 1, 0, 0, -1, 0, 2, -1, 4, 0, -2, 2, -1, -1, -1, -1, 1, -2, 0, 2, -2, -1, 2, 2, 1, -1, 1, 0, 4, 0, 1, -1, 2, -1, 0, -1, 0, 0, -1, 0, -1, -1, 1, 0, -1, 0, -2, 0, 4])),
integer_lattice(; gram=matrix(ZZ,3,3,[-20,0,0,0,10,5,0,5,2])),
[6]),

#M_9 generic 1
(integer_lattice(; gram=matrix(ZZ, 19, 19, [4, 2, 1, 0, -1, 0, -1, 2, -1, -2, 1, 1, -2, 2, 1, 2, 0, 2, 2, 2, 4, 1, 0, 0, 0, 0, 2, -1, -2, 1, 0, -2, 0, 2, 0, -1, 0, 2, 1, 1, 4, 0, 0, -1, 1, 1, -1, 1, 1, 2, -2, 1, -1, 1, -1, 1, 2, 0, 0, 0, 4, 2, 2, 2, 2, -2, -1, -2, 1, 1, 1, -1, 2, -1, 1, 0, -1, 0, 0, 2, 4, 1, 2, 0, -2, 1, -2, 1, 2, -1, -1, 1, -2, -1, 1, 0, 0, -1, 2, 1, 4, 2, 1, -2, -1, 0, 1, 1, -1, -1, 2, 1, 0, -1, -1, 0, 1, 2, 2, 2, 4, 0, -2, 1, -1, 2, 0, -1, -2, 1, -1, -1, 0, 2, 2, 1, 2, 0, 1, 0, 4, -2, -2, 0, 0, -1, 1, 1, 2, 0, 2, 1, -1, -1, -1, -2, -2, -2, -2, -2, 4, 0, 1, -1, 0, 0, 1, -2, 1, 0, -1, -2, -2, 1, -1, 1, -1, 1, -2, 0, 4, 0, 0, 1, -1, -2, -1, 0, -1, 0, 1, 1, 1, -2, -2, 0, -1, 0, 1, 0, 4, 0, -1, 0, 0, 0, 2, 0, 0, 1, 0, 2, 1, 1, 1, 2, 0, -1, 0, 0, 4, -1, 1, -2, 2, -1, 1, 1, -2, -2, -2, 1, 2, 1, 0, -1, 0, 1, -1, -1, 4, -1, -1, 0, 0, -1, -1, 2, 0, 1, 1, -1, -1, -1, 1, 0, -1, 0, 1, -1, 4, 0, 1, 0, 2, 1, 1, 2, -1, -1, -1, -1, -2, 1, 1, -2, 0, -2, -1, 0, 4, -1, 0, 0, 1, 2, 0, 1, 2, 1, 2, 1, 2, -2, -1, 0, 2, 0, 1, -1, 4, 0, 2, 1, 0, -1, -1, -1, -2, 1, -1, 0, 1, 0, 2, -1, 0, 0, 0, 0, 4, 0, -2, 2, 0, 1, 1, -1, 0, -1, 2, 0, -1, 0, 1, -1, 2, 0, 2, 0, 4, 1, 2, 2, 2, 0, 1, -1, 0, 1, -1, 0, 0, 1, -1, 1, 1, 1, -2, 1, 4])),
integer_lattice(; gram=matrix(ZZ,3,3,[-6,0,0,0,-6,0,0,0,18])),
[3]),

#N_{72} generic 2
(integer_lattice(; gram=matrix(ZZ, 19, 19, [4, 1, -2, -1, -1, 1, 2, 1, -1, -1, 2, 2, 1, -2, -2, -1, -2, 2, -2, 1, 4, -2, -2, 1, -1, 1, 2, -2, 1, 2, -1, 2, -2, -2, -2, -2, 0, -1, -2, -2, 4, 0, 1, 1, 0, -2, 2, -1, -1, 0, -2, 2, 2, 1, 2, -1, 0, -1, -2, 0, 4, -2, -1, -2, -1, 0, 0, -2, 1, -1, 0, 1, 2, 2, -1, 2, -1, 1, 1, -2, 4, 1, 1, -1, 0, 0, 0, -2, 1, 1, -1, 0, 0, 0, -1, 1, -1, 1, -1, 1, 4, 2, 0, 1, -2, 1, 0, 0, 0, -1, 1, 1, 2, -2, 2, 1, 0, -2, 1, 2, 4, 0, -1, -2, 2, 1, 0, -1, -1, 0, -1, 2, -2, 1, 2, -2, -1, -1, 0, 0, 4, -1, 0, 1, 0, 2, -1, -1, -2, -1, 0, -1, -1, -2, 2, 0, 0, 1, -1, -1, 4, -1, 0, -1, -1, 2, 2, 0, 1, -1, 1, -1, 1, -1, 0, 0, -2, -2, 0, -1, 4, -1, -1, 1, 0, -1, 0, 0, 0, 1, 2, 2, -1, -2, 0, 1, 2, 1, 0, -1, 4, 0, 1, -2, -1, -1, -2, 1, -1, 2, -1, 0, 1, -2, 0, 1, 0, -1, -1, 0, 4, -1, -1, 0, 0, 0, 1, -1, 1, 2, -2, -1, 1, 0, 0, 2, -1, 1, 1, -1, 4, -1, -2, -1, -1, 0, -1, -2, -2, 2, 0, 1, 0, -1, -1, 2, 0, -2, -1, -1, 4, 2, 1, 1, -1, 1, -2, -2, 2, 1, -1, -1, -1, -1, 2, -1, -1, 0, -2, 2, 4, 0, 1, -2, 2, -1, -2, 1, 2, 0, 1, 0, -2, 0, 0, -1, 0, -1, 1, 0, 4, 2, 1, 1, -2, -2, 2, 2, 0, 1, -1, -1, 1, 0, -2, 0, -1, 1, 1, 2, 4, 0, 1, 2, 0, -1, -1, 0, 2, 2, 0, -1, 0, 1, 1, 0, -1, -2, 1, 0, 4, -1, -2, -1, 0, 2, -1, -2, -2, -1, 1, 1, -1, -1, -1, 1, 2, 1, 1, -1, 4])),
integer_lattice(; gram=matrix(ZZ,3,3,[2,5,-2,5,2,-2,-2,-2,-4])),
[6]),

#T_{48} already known

#3^{1+4}:2 generic 2
(integer_lattice(; gram=matrix(ZZ, 18, 18, [4, 1, -2, -1, -2, 1, 2, -1, -2, 2, -1, -2, 1, 2, -2, -1, 1, -2, 1, 4, -2, 1, 1, 2, 1, -2, 0, 2, -2, 1, -1, -1, -2, -2, 1, -1, -2, -2, 4, 1, 1, -2, -1, 2, 2, -1, 1, 1, -1, -1, 2, 2, 0, 2, -1, 1, 1, 4, 0, -1, -1, 1, 2, 1, 1, 2, 0, -2, -1, 1, 1, 2, -2, 1, 1, 0, 4, 1, -1, 0, 1, 0, -1, 2, -1, -1, 1, -1, -1, 0, 1, 2, -2, -1, 1, 4, 0, -2, -1, 2, -2, -1, -1, 0, 0, -2, -1, -2, 2, 1, -1, -1, -1, 0, 4, -2, -2, 1, -1, 0, 1, 0, -1, 0, 2, -2, -1, -2, 2, 1, 0, -2, -2, 4, 1, -1, 1, 0, 0, 1, 0, 2, 0, 2, -2, 0, 2, 2, 1, -1, -2, 1, 4, 0, 0, 1, -2, -1, 1, 0, -1, 2, 2, 2, -1, 1, 0, 2, 1, -1, 0, 4, -2, 0, 0, 0, -1, -1, 0, -1, -1, -2, 1, 1, -1, -2, -1, 1, 0, -2, 4, 0, 2, 0, 0, 2, 0, 2, -2, 1, 1, 2, 2, -1, 0, 0, 1, 0, 0, 4, 0, -2, 0, 0, 1, 1, 1, -1, -1, 0, -1, -1, 1, 0, -2, 0, 2, 0, 4, 1, -1, 1, 0, 0, 2, -1, -1, -2, -1, 0, 0, 1, -1, 0, 0, -2, 1, 4, -1, 0, -1, -1, -2, -2, 2, -1, 1, 0, -1, 0, 1, -1, 0, 0, -1, -1, 4, 0, -2, 0, -1, -2, 2, 1, -1, -2, 0, 2, 0, -1, 2, 0, 1, 0, 0, 4, 1, 2, 1, 1, 0, 1, -1, -1, 2, 0, -1, 0, 0, 1, 0, -1, -2, 1, 4, 0, -2, -1, 2, 2, 0, -2, -2, 2, 2, -1, 2, 1, 0, -1, 0, 2, 0, 4])),
integer_lattice(; gram=matrix(ZZ,4,4,[0,3,0,0,3,0,0,0,0,0,0,3,0,0,3,0])),
[4,6,12]),

#A_{4,3} generic 1
(integer_lattice(; gram=matrix(ZZ, 18, 18, [4, -1, 1, 2, -2, 2, -1, -1, -1, 1, -2, -2, 2, -2, -1, 1, -1, -2, -1, 4, 1, -1, 0, 0, 2, 2, 2, 1, 1, -1, 1, 1, -1, 1, 2, 2, 1, 1, 4, 2, -1, 2, 0, 0, -1, 2, -1, -1, 2, -2, 0, 2, -1, -1, 2, -1, 2, 4, -1, 2, 0, 0, -1, 0, -2, 0, 2, -2, -1, 0, -2, -1, -2, 0, -1, -1, 4, 0, -1, 0, -1, -2, 2, 0, 0, 0, 2, -2, 1, 1, 2, 0, 2, 2, 0, 4, 0, -1, -1, 1, 0, -1, 2, -2, 0, 0, -1, -1, -1, 2, 0, 0, -1, 0, 4, 2, 2, 1, 0, 1, 0, 1, -1, 0, 0, 2, -1, 2, 0, 0, 0, -1, 2, 4, 1, 0, -1, 1, 0, 0, 0, 1, 0, 2, -1, 2, -1, -1, -1, -1, 2, 1, 4, 0, 1, 1, -1, 2, -2, 0, 2, 2, 1, 1, 2, 0, -2, 1, 1, 0, 0, 4, 0, -1, 0, 0, 0, 2, -1, 0, -2, 1, -1, -2, 2, 0, 0, -1, 1, 0, 4, 0, -1, 2, 1, -1, 2, 1, -2, -1, -1, 0, 0, -1, 1, 1, 1, -1, 0, 4, -2, 1, 0, -1, -1, 1, 2, 1, 2, 2, 0, 2, 0, 0, -1, 0, -1, -2, 4, -2, -1, 0, 0, -1, -2, 1, -2, -2, 0, -2, 1, 0, 2, 0, 2, 1, -2, 4, -1, -1, 1, 2, -1, -1, 0, -1, 2, 0, -1, 0, -2, 0, 1, 0, -1, -1, 4, 0, 0, 0, 1, 1, 2, 0, -2, 0, 0, 1, 0, 2, -1, -1, 0, -1, 0, 4, 0, -1, -1, 2, -1, -2, 1, -1, 0, 0, 2, -1, 2, -1, 0, 1, 0, 0, 4, 1, -2, 2, -1, -1, 1, -1, 2, 2, 2, 0, 1, 1, -1, 2, 0, -1, 1, 4])),
integer_lattice(; gram=matrix(ZZ,4,4,[0,0,0,6,0,0,6,0,0,6,6,3,6,0,3,6])),
[2,3,6]),

#A_{4,3} generic 2
(integer_lattice(; gram=matrix(ZZ, 18, 18, [4, -1, 1, 2, -2, 2, -1, -1, -1, 1, -2, -2, 2, -2, -1, 1, -1, -2, -1, 4, 1, -1, 0, 0, 2, 2, 2, 1, 1, -1, 1, 1, -1, 1, 2, 2, 1, 1, 4, 2, -1, 2, 0, 0, -1, 2, -1, -1, 2, -2, 0, 2, -1, -1, 2, -1, 2, 4, -1, 2, 0, 0, -1, 0, -2, 0, 2, -2, -1, 0, -2, -1, -2, 0, -1, -1, 4, 0, -1, 0, -1, -2, 2, 0, 0, 0, 2, -2, 1, 1, 2, 0, 2, 2, 0, 4, 0, -1, -1, 1, 0, -1, 2, -2, 0, 0, -1, -1, -1, 2, 0, 0, -1, 0, 4, 2, 2, 1, 0, 1, 0, 1, -1, 0, 0, 2, -1, 2, 0, 0, 0, -1, 2, 4, 1, 0, -1, 1, 0, 0, 0, 1, 0, 2, -1, 2, -1, -1, -1, -1, 2, 1, 4, 0, 1, 1, -1, 2, -2, 0, 2, 2, 1, 1, 2, 0, -2, 1, 1, 0, 0, 4, 0, -1, 0, 0, 0, 2, -1, 0, -2, 1, -1, -2, 2, 0, 0, -1, 1, 0, 4, 0, -1, 2, 1, -1, 2, 1, -2, -1, -1, 0, 0, -1, 1, 1, 1, -1, 0, 4, -2, 1, 0, -1, -1, 1, 2, 1, 2, 2, 0, 2, 0, 0, -1, 0, -1, -2, 4, -2, -1, 0, 0, -1, -2, 1, -2, -2, 0, -2, 1, 0, 2, 0, 2, 1, -2, 4, -1, -1, 1, 2, -1, -1, 0, -1, 2, 0, -1, 0, -2, 0, 1, 0, -1, -1, 4, 0, 0, 0, 1, 1, 2, 0, -2, 0, 0, 1, 0, 2, -1, -1, 0, -1, 0, 4, 0, -1, -1, 2, -1, -2, 1, -1, 0, 0, 2, -1, 2, -1, 0, 1, 0, 0, 4, 1, -2, 2, -1, -1, 1, -1, 2, 2, 2, 0, 1, 1, -1, 2, 0, -1, 1, 4])),
integer_lattice(; gram=matrix(ZZ,4,4,[8,4,0,0,4,8,0,0,0,0,-2,-1,0,0,-1,-2])),
[6]),

#A_5 generic 1
(integer_lattice(; gram=matrix(ZZ, 18, 18, [4, -2, -1, -2, 0, 2, -1, 2, 1, 0, -1, 1, -2, -2, 2, -2, 1, 0, -2, 4, -1, 2, 0, -1, 2, -1, 0, 1, -1, 0, 1, 2, 0, 1, -2, 1, -1, -1, 4, 0, -1, 1, 0, 0, 1, -2, 1, -2, 2, -1, -2, 2, 2, 1, -2, 2, 0, 6, 2, -3, 1, 0, 1, -1, 0, -2, 3, 3, -1, 2, 0, -2, 0, 0, -1, 2, 4, -1, 0, 1, 0, 1, 1, -1, 0, 2, 0, 1, 1, -1, 2, -1, 1, -3, -1, 6, -1, 2, 2, 0, -2, -1, -1, -2, 2, 1, 2, 3, -1, 2, 0, 1, 0, -1, 4, 0, 1, -1, 1, 1, 0, 1, 0, 1, -2, 1, 2, -1, 0, 0, 1, 2, 0, 4, 1, -1, -1, -1, 0, 0, 2, 0, 1, 1, 1, 0, 1, 1, 0, 2, 1, 1, 4, -1, 0, -1, 0, 0, 1, 1, 1, 1, 0, 1, -2, -1, 1, 0, -1, -1, -1, 4, 0, 1, -1, 1, 0, -1, 0, 0, -1, -1, 1, 0, 1, -2, 1, -1, 0, 0, 4, 0, 0, 1, -2, 0, 0, -1, 1, 0, -2, -2, -1, -1, 1, -1, -1, 1, 0, 4, -2, -1, 1, -2, -2, 0, -2, 1, 2, 3, 0, -1, 0, 0, 0, -1, 0, -2, 4, 1, -2, 2, 1, 0, -2, 2, -1, 3, 2, -2, 1, 0, 0, 1, 1, -1, 1, 4, 0, 1, -1, -1, 2, 0, -2, -1, 0, 2, 0, 2, 1, 0, -2, 1, -2, 0, 4, -1, -1, 1, -2, 1, 2, 2, 1, 1, 1, 0, 1, -1, 0, -2, 2, 1, -1, 4, 1, 1, 1, -2, 2, 0, 1, 2, -2, 1, 1, 0, 0, -2, 1, -1, -1, 1, 4, 0, 0, 1, 1, -2, -1, 3, 1, 1, 1, 0, -1, 0, 0, -1, 1, 1, 0, 4])),
integer_lattice(; gram=matrix(ZZ,4,4,[4,2,0,0,2,4,0,0,0,0,-10,-5,0,0,-5,-10])),
[2,3,6]),

#A_5 generic 2
(integer_lattice(; gram=matrix(ZZ, 18, 18, [4, -2, -1, -2, 0, 2, -1, 2, 1, 0, -1, 1, -2, -2, 2, -2, 1, 0, -2, 4, -1, 2, 0, -1, 2, -1, 0, 1, -1, 0, 1, 2, 0, 1, -2, 1, -1, -1, 4, 0, -1, 1, 0, 0, 1, -2, 1, -2, 2, -1, -2, 2, 2, 1, -2, 2, 0, 6, 2, -3, 1, 0, 1, -1, 0, -2, 3, 3, -1, 2, 0, -2, 0, 0, -1, 2, 4, -1, 0, 1, 0, 1, 1, -1, 0, 2, 0, 1, 1, -1, 2, -1, 1, -3, -1, 6, -1, 2, 2, 0, -2, -1, -1, -2, 2, 1, 2, 3, -1, 2, 0, 1, 0, -1, 4, 0, 1, -1, 1, 1, 0, 1, 0, 1, -2, 1, 2, -1, 0, 0, 1, 2, 0, 4, 1, -1, -1, -1, 0, 0, 2, 0, 1, 1, 1, 0, 1, 1, 0, 2, 1, 1, 4, -1, 0, -1, 0, 0, 1, 1, 1, 1, 0, 1, -2, -1, 1, 0, -1, -1, -1, 4, 0, 1, -1, 1, 0, -1, 0, 0, -1, -1, 1, 0, 1, -2, 1, -1, 0, 0, 4, 0, 0, 1, -2, 0, 0, -1, 1, 0, -2, -2, -1, -1, 1, -1, -1, 1, 0, 4, -2, -1, 1, -2, -2, 0, -2, 1, 2, 3, 0, -1, 0, 0, 0, -1, 0, -2, 4, 1, -2, 2, 1, 0, -2, 2, -1, 3, 2, -2, 1, 0, 0, 1, 1, -1, 1, 4, 0, 1, -1, -1, 2, 0, -2, -1, 0, 2, 0, 2, 1, 0, -2, 1, -2, 0, 4, -1, -1, 1, -2, 1, 2, 2, 1, 1, 1, 0, 1, -1, 0, -2, 2, 1, -1, 4, 1, 1, 1, -2, 2, 0, 1, 2, -2, 1, 1, 0, 0, -2, 1, -1, -1, 1, 4, 0, 0, 1, 1, -2, -1, 3, 1, 1, 1, 0, -1, 0, 0, -1, 1, 1, 0, 4])),
integer_lattice(; gram=matrix(ZZ,4,4,[-2,1,0,0,1,2,0,0,0,0,4,2,0,0,2,-4])),
[6]),

#3^2.4 generic 1
(integer_lattice(; gram=matrix(ZZ, 18, 18, [4, 2, 0, -1, 1, -2, 0, 1, 0, -1, 1, -2, -1, -2, 2, 1, -1, -2, 2, 6, -1, -2, 2, -2, 2, 3, -1, -3, 0, -3, -2, -1, 0, 3, 2, -3, 0, -1, 4, 1, -2, 0, 1, -2, 1, 1, 2, 2, -1, -1, 2, -1, -2, -1, -1, -2, 1, 4, -2, 2, 1, -2, -1, 1, 1, 1, 0, -1, 1, 0, 0, 0, 1, 2, -2, -2, 4, 0, -1, 3, -1, -2, 0, -2, 1, 0, 0, 2, 2, 0, -2, -2, 0, 2, 0, 4, -1, 0, -1, 1, 1, 1, 2, 1, 0, 0, 1, 2, 0, 2, 1, 1, -1, -1, 4, 0, 0, -1, 1, 0, -2, -1, 1, 1, 1, -2, 1, 3, -2, -2, 3, 0, 0, 6, -2, -3, 1, -1, -1, -1, -1, 1, 3, -1, 0, -1, 1, -1, -1, -1, 0, -2, 4, 2, -1, 0, 1, 2, 0, -2, -2, 0, -1, -3, 1, 1, -2, 1, -1, -3, 2, 4, -1, 1, 1, 2, 0, -2, -2, 2, 1, 0, 2, 1, 0, 1, 1, 1, -1, -1, 4, 1, -1, -2, 2, 0, 0, -1, -2, -3, 2, 1, -2, 1, 0, -1, 0, 1, 1, 4, 0, 0, 0, -2, -1, 1, -1, -2, -1, 0, 1, 2, -2, -1, 1, 1, -1, 0, 4, 2, 0, 0, 0, 2, -2, -1, -1, -1, 0, 1, -1, -1, 2, 2, -2, 0, 2, 4, -2, -1, 0, 2, 2, 0, 2, 1, 0, 0, 1, -1, 0, 0, 2, 0, 0, -2, 4, 1, -1, -1, 1, 3, -1, 0, 2, 0, 1, 1, -2, -2, 0, -2, 0, -1, 1, 4, 2, -1, -1, 2, -2, 0, 2, 1, 1, 3, -2, -2, 0, -1, 0, 0, -1, 2, 4, 0, -2, -3, -1, 0, 0, 2, -2, -1, 0, 2, -1, 1, 2, 2, -1, -1, 0, 4])),
integer_lattice(; gram=matrix(ZZ,4,4,[-6,0,0,0,0,-6,0,0,0,0,6,3,0,0,3,6])),
[2,3,6]),

#3^2.4 generic 2
(integer_lattice(; gram=matrix(ZZ, 18, 18, [4, 2, 0, -1, 1, -2, 0, 1, 0, -1, 1, -2, -1, -2, 2, 1, -1, -2, 2, 6, -1, -2, 2, -2, 2, 3, -1, -3, 0, -3, -2, -1, 0, 3, 2, -3, 0, -1, 4, 1, -2, 0, 1, -2, 1, 1, 2, 2, -1, -1, 2, -1, -2, -1, -1, -2, 1, 4, -2, 2, 1, -2, -1, 1, 1, 1, 0, -1, 1, 0, 0, 0, 1, 2, -2, -2, 4, 0, -1, 3, -1, -2, 0, -2, 1, 0, 0, 2, 2, 0, -2, -2, 0, 2, 0, 4, -1, 0, -1, 1, 1, 1, 2, 1, 0, 0, 1, 2, 0, 2, 1, 1, -1, -1, 4, 0, 0, -1, 1, 0, -2, -1, 1, 1, 1, -2, 1, 3, -2, -2, 3, 0, 0, 6, -2, -3, 1, -1, -1, -1, -1, 1, 3, -1, 0, -1, 1, -1, -1, -1, 0, -2, 4, 2, -1, 0, 1, 2, 0, -2, -2, 0, -1, -3, 1, 1, -2, 1, -1, -3, 2, 4, -1, 1, 1, 2, 0, -2, -2, 2, 1, 0, 2, 1, 0, 1, 1, 1, -1, -1, 4, 1, -1, -2, 2, 0, 0, -1, -2, -3, 2, 1, -2, 1, 0, -1, 0, 1, 1, 4, 0, 0, 0, -2, -1, 1, -1, -2, -1, 0, 1, 2, -2, -1, 1, 1, -1, 0, 4, 2, 0, 0, 0, 2, -2, -1, -1, -1, 0, 1, -1, -1, 2, 2, -2, 0, 2, 4, -2, -1, 0, 2, 2, 0, 2, 1, 0, 0, 1, -1, 0, 0, 2, 0, 0, -2, 4, 1, -1, -1, 1, 3, -1, 0, 2, 0, 1, 1, -2, -2, 0, -2, 0, -1, 1, 4, 2, -1, -1, 2, -2, 0, 2, 1, 1, 3, -2, -2, 0, -1, 0, 0, -1, 2, 4, 0, -2, -3, -1, 0, 0, 2, -2, -1, 0, 2, -1, 1, 2, 2, -1, -1, 0, 4])),
integer_lattice(; gram=matrix(ZZ,4,4,[18,0,0,0,0,2,0,0,0,0,-2,-1,0,0,-1,-2])),
[6]),

# S_{3,3} generic 2
(integer_lattice(; gram=matrix(ZZ, 18, 18, [4, 2, 2, 1, -2, 2, 2, -2, -2, 2, -1, -2, 2, -2, 1, 1, -2, 1, 2, 4, 2, -1, -2, 2, 2, 0, -2, 2, -2, -2, 2, -2, 0, 0, -1, 0, 2, 2, 4, -1, -2, 2, 2, 0, -2, 1, 0, 0, 0, 0, 1, 1, 0, 1, 1, -1, -1, 4, 1, 1, 1, 0, -1, 1, -1, -1, 0, 0, -1, -1, 0, -1, -2, -2, -2, 1, 4, -2, -2, 0, 0, -2, 1, 1, -1, 1, -2, -2, 1, -2, 2, 2, 2, 1, -2, 4, 2, 0, -2, 2, -1, -1, 1, -1, 0, 0, 0, 0, 2, 2, 2, 1, -2, 2, 4, 0, -2, 2, -1, -1, 1, -1, 0, 1, 0, 0, -2, 0, 0, 0, 0, 0, 0, 4, 0, 0, -1, 0, -2, 2, -1, -1, 1, -1, -2, -2, -2, -1, 0, -2, -2, 0, 4, -1, 1, 1, -1, 1, 1, 1, 0, 1, 2, 2, 1, 1, -2, 2, 2, 0, -1, 4, -1, -1, 1, -1, 1, 1, 0, 1, -1, -2, 0, -1, 1, -1, -1, -1, 1, -1, 4, 2, -1, 1, 1, 1, 1, 1, -2, -2, 0, -1, 1, -1, -1, 0, 1, -1, 2, 4, -2, 2, 0, 0, 2, 0, 2, 2, 0, 0, -1, 1, 1, -2, -1, 1, -1, -2, 4, -2, 0, 0, -1, 0, -2, -2, 0, 0, 1, -1, -1, 2, 1, -1, 1, 2, -2, 4, -1, -1, 2, 0, 1, 0, 1, -1, -2, 0, 0, -1, 1, 1, 1, 0, 0, -1, 4, 2, -1, 2, 1, 0, 1, -1, -2, 0, 1, -1, 1, 1, 1, 0, 0, -1, 2, 4, -1, 2, -2, -1, 0, 0, 1, 0, 0, 1, 0, 0, 1, 2, -1, 2, -1, -1, 4, 0, 1, 0, 1, -1, -2, 0, 0, -1, 1, 1, 1, 0, 0, 0, 2, 2, 0, 4])),
integer_lattice(; gram=matrix(ZZ,4,4,[-4,-2,0,0,-2,-4,0,0,0,0,6,3,0,0,3,6])),
[6]),

# F_{21} generic 1
(integer_lattice(; gram=matrix(ZZ, 18, 18, [4, -1, -1, 1, 1, -1, -1, 2, -1, -1, 2, -2, 2, 2, -1, -1, 1, 2, -1, 4, 1, -2, 1, 2, 2, -2, 1, 2, 1, -1, 0, 1, 1, 2, -2, 0, -1, 1, 4, -1, -1, 2, -1, -1, 2, -1, -1, 0, -2, 0, 2, 2, 1, 1, 1, -2, -1, 4, -1, -2, -2, 2, -2, -2, 1, 1, 0, 1, -2, -1, 0, 0, 1, 1, -1, -1, 4, 1, 2, -1, 1, 1, 1, -2, 0, 1, -1, 1, 0, 1, -1, 2, 2, -2, 1, 4, 1, -1, 2, 0, -1, 0, -2, 1, 2, 1, -1, 0, -1, 2, -1, -2, 2, 1, 4, -2, 0, 2, 0, 0, 0, 0, 0, 1, -2, -1, 2, -2, -1, 2, -1, -1, -2, 4, -2, -2, 0, 0, 1, 1, 0, -2, 0, 1, -1, 1, 2, -2, 1, 2, 0, -2, 4, 1, -1, -1, -2, 0, 1, 1, 1, 1, -1, 2, -1, -2, 1, 0, 2, -2, 1, 4, 0, -1, 1, -1, 0, 1, -1, 0, 2, 1, -1, 1, 1, -1, 0, 0, -1, 0, 4, -2, 2, 2, -2, 0, 0, 0, -2, -1, 0, 1, -2, 0, 0, 0, -1, -1, -2, 4, -1, -1, 0, -1, -1, -2, 2, 0, -2, 0, 0, -2, 0, 1, -2, 1, 2, -1, 4, 0, -1, -1, 0, 0, 2, 1, 0, 1, 1, 1, 0, 1, 0, -1, 2, -1, 0, 4, -1, 0, -1, 1, -1, 1, 2, -2, -1, 2, 0, 0, 1, 0, -2, 0, -1, -1, 4, 1, 0, 0, -1, 2, 2, -1, 1, 1, 1, -2, 1, 1, 0, -1, -1, 0, 1, 4, 0, 1, 1, -2, 1, 0, 0, -1, -2, 0, 1, -1, 0, -1, 0, -1, 0, 0, 4, 1, 2, 0, 1, 0, 1, 0, -1, 1, 1, 0, 0, -2, 0, 1, 0, 1, 1, 4])),
integer_lattice(; gram=matrix(ZZ, 4,4, [-2, 1, 0, 0,1, 10, 0, 0,0, 0, 0, 7,0, 0, 7, 0])),
[2,3,6]),

# Hol(5) generic 1
(integer_lattice(; gram=matrix(ZZ, 18, 18, [4, 1, -1, 1, 1, -1, 2, -2, -2, 1, 2, 2, -1, 1, -2, -2, 2, 1, 1, 4, 1, 0, -1, 1, 0, 0, 1, 2, 0, -1, -2, 1, -2, -2, 2, 2, -1, 1, 4, 1, -2, 2, -2, -1, 0, -1, -2, -2, -1, 1, 1, 1, -1, -1, 1, 0, 1, 4, 1, 0, 1, -1, 0, 0, 1, 1, 1, 2, 1, -1, 1, 1, 1, -1, -2, 1, 4, -2, 2, 0, 0, 1, 1, 1, 2, 1, -1, -1, 0, 1, -1, 1, 2, 0, -2, 4, -2, 1, 0, -1, 0, -1, -1, 1, 1, 1, -1, -1, 2, 0, -2, 1, 2, -2, 4, 0, -1, 2, 1, 2, 1, 1, -1, -1, 2, 2, -2, 0, -1, -1, 0, 1, 0, 4, 2, 0, 0, -1, 1, -1, 0, 1, -1, 0, -2, 1, 0, 0, 0, 0, -1, 2, 4, 1, -1, -1, 0, -1, 0, 0, 0, 1, 1, 2, -1, 0, 1, -1, 2, 0, 1, 4, 0, 1, 0, 1, -2, -2, 2, 2, 2, 0, -2, 1, 1, 0, 1, 0, -1, 0, 4, 2, 0, 1, -1, -2, 1, 1, 2, -1, -2, 1, 1, -1, 2, -1, -1, 1, 2, 4, 0, 0, 0, -1, 1, 1, -1, -2, -1, 1, 2, -1, 1, 1, 0, 0, 0, 0, 4, 0, 1, 0, -1, 0, 1, 1, 1, 2, 1, 1, 1, -1, -1, 1, 1, 0, 0, 4, 0, -1, 1, 1, -2, -2, 1, 1, -1, 1, -1, 0, 0, -2, -1, 0, 1, 0, 4, 2, -1, -1, -2, -2, 1, -1, -1, 1, -1, 1, 0, -2, -2, -1, 0, -1, 2, 4, -2, -2, 2, 2, -1, 1, 0, -1, 2, -1, 0, 2, 1, 1, -1, 1, -1, -2, 4, 2, 1, 2, -1, 1, 1, -1, 2, 0, 1, 2, 1, 1, 0, 1, -1, -2, 2, 4])),
integer_lattice(; gram=matrix(ZZ, 4,4, [10,0,0,0,0,10,0,0,0,0,-2,1,0,0,1,-8])),
[2,3,6]),

# QD_{16} generic 1
(integer_lattice(; gram=matrix(ZZ, 18, 18, [4, 1, 1, 1, 1, 2, 1, -2, 1, 2, 1, -1, 2, 1, 1, -2, -2, -1, 1, 4, -1, -1, 2, 1, 2, -2, 2, 2, 0, 1, -1, -1, -1, -2, -2, -2, 1, -1, 4, 2, 1, 2, 1, -1, -2, 0, 2, -2, 2, 2, 2, -1, 1, -1, 1, -1, 2, 4, -1, 1, 0, -1, -1, 0, 0, -2, 1, 1, 0, 1, 0, 1, 1, 2, 1, -1, 4, 2, 1, -2, 0, 2, 1, 1, 1, 1, 0, -2, -1, -2, 2, 1, 2, 1, 2, 4, 2, -2, 0, 2, 2, 0, 1, 1, 1, -1, -1, -2, 1, 2, 1, 0, 1, 2, 4, -2, 0, 2, 1, -1, -1, -1, 0, -1, 0, -2, -2, -2, -1, -1, -2, -2, -2, 4, -1, -2, 0, 1, 0, -1, 0, 1, 2, 1, 1, 2, -2, -1, 0, 0, 0, -1, 4, 0, 0, 1, -1, 0, -1, -1, -2, 0, 2, 2, 0, 0, 2, 2, 2, -2, 0, 4, 0, 0, 0, 0, 0, -1, -2, -2, 1, 0, 2, 0, 1, 2, 1, 0, 0, 0, 4, -1, 2, 1, 2, -1, 1, -1, -1, 1, -2, -2, 1, 0, -1, 1, 1, 0, -1, 4, -1, -1, -1, 0, -1, -1, 2, -1, 2, 1, 1, 1, -1, 0, -1, 0, 2, -1, 4, 2, 2, -1, 0, 0, 1, -1, 2, 1, 1, 1, -1, -1, 0, 0, 1, -1, 2, 4, 2, -1, -1, 0, 1, -1, 2, 0, 0, 1, 0, 0, -1, 0, 2, -1, 2, 2, 4, -1, 0, -1, -2, -2, -1, 1, -2, -1, -1, 1, -1, -1, -1, 0, -1, -1, -1, 4, 1, 2, -2, -2, 1, 0, -1, -1, 0, 2, -2, -2, 1, -1, 0, -1, 0, 1, 4, 1, -1, -2, -1, 1, -2, -2, -2, 1, 0, -2, -1, -1, 0, 0, -1, 2, 1, 4])),
integer_lattice(; gram=matrix(ZZ, 4,4, [0,8,0,0,8,0,0,0,0,0,6,0,0,0,0,-4])),
[2]),

# S_4 generic 1
(integer_lattice(; gram=matrix(ZZ, 17, 17, [4, 2, 2, 1, 0, 2, -1, -1, -1, 2, 2, -1, 2, 2, -2, 1, 1, 2, 4, 2, -1, 1, 2, 0, -2, -2, 1, 1, 0, 2, 0, -2, -1, -1, 2, 2, 4, 0, -1, 2, -1, -1, -2, 2, 0, 1, 0, 1, 0, 1, -1, 1, -1, 0, 4, -2, 0, -2, -1, -1, -1, 2, 1, 1, 2, -1, 0, 1, 0, 1, -1, -2, 4, 1, 2, 1, 1, 0, -1, -1, 0, 0, 0, 0, 1, 2, 2, 2, 0, 1, 4, -1, -1, -1, 1, 1, 1, 0, 2, -1, 1, 0, -1, 0, -1, -2, 2, -1, 4, 2, 0, 1, -1, 0, -1, -2, 1, -1, 1, -1, -2, -1, -1, 1, -1, 2, 4, 2, 1, -2, 0, -2, -1, 2, 0, 2, -1, -2, -2, -1, 1, -1, 0, 2, 4, 0, -1, -2, -1, 0, 1, 1, 1, 2, 1, 2, -1, 0, 1, 1, 1, 0, 4, 0, 0, 0, 0, 0, 1, 1, 2, 1, 0, 2, -1, 1, -1, -2, -1, 0, 4, 0, 2, 1, -2, 0, 0, -1, 0, 1, 1, -1, 1, 0, 0, -2, 0, 0, 4, -1, 0, 1, -1, 0, 2, 2, 0, 1, 0, 0, -1, -2, -1, 0, 2, -1, 4, 0, -2, -1, 0, 2, 0, 1, 2, 0, 2, -2, -1, 0, 0, 1, 0, 0, 4, -1, 2, 1, -2, -2, 0, -1, 0, -1, 1, 2, 1, 0, -2, 1, -2, -1, 4, 1, 0, 1, -1, 1, 0, 0, 1, -1, 0, 1, 1, 0, -1, -1, 2, 1, 4, 0, 1, -1, -1, 1, 1, 0, 1, 2, 1, 1, 0, 0, 0, 1, 0, 0, 4])),
integer_lattice(; gram=matrix(ZZ, 5,5, [0,0,0,0,2,0,-6,0,0,1,0,0,6,0,1,0,0,0,12,0,2,1,1,0,2])),
[2,3,6]),

# S_4 generic 2
(integer_lattice(; gram=matrix(ZZ, 17, 17, [4, 2, 2, 1, 0, 2, -1, -1, -1, 2, 2, -1, 2, 2, -2, 1, 1, 2, 4, 2, -1, 1, 2, 0, -2, -2, 1, 1, 0, 2, 0, -2, -1, -1, 2, 2, 4, 0, -1, 2, -1, -1, -2, 2, 0, 1, 0, 1, 0, 1, -1, 1, -1, 0, 4, -2, 0, -2, -1, -1, -1, 2, 1, 1, 2, -1, 0, 1, 0, 1, -1, -2, 4, 1, 2, 1, 1, 0, -1, -1, 0, 0, 0, 0, 1, 2, 2, 2, 0, 1, 4, -1, -1, -1, 1, 1, 1, 0, 2, -1, 1, 0, -1, 0, -1, -2, 2, -1, 4, 2, 0, 1, -1, 0, -1, -2, 1, -1, 1, -1, -2, -1, -1, 1, -1, 2, 4, 2, 1, -2, 0, -2, -1, 2, 0, 2, -1, -2, -2, -1, 1, -1, 0, 2, 4, 0, -1, -2, -1, 0, 1, 1, 1, 2, 1, 2, -1, 0, 1, 1, 1, 0, 4, 0, 0, 0, 0, 0, 1, 1, 2, 1, 0, 2, -1, 1, -1, -2, -1, 0, 4, 0, 2, 1, -2, 0, 0, -1, 0, 1, 1, -1, 1, 0, 0, -2, 0, 0, 4, -1, 0, 1, -1, 0, 2, 2, 0, 1, 0, 0, -1, -2, -1, 0, 2, -1, 4, 0, -2, -1, 0, 2, 0, 1, 2, 0, 2, -2, -1, 0, 0, 1, 0, 0, 4, -1, 2, 1, -2, -2, 0, -1, 0, -1, 1, 2, 1, 0, -2, 1, -2, -1, 4, 1, 0, 1, -1, 1, 0, 0, 1, -1, 0, 1, 1, 0, -1, -1, 2, 1, 4, 0, 1, -1, -1, 1, 1, 0, 1, 2, 1, 1, 0, 0, 0, 1, 0, 0, 4])),
integer_lattice(; gram=matrix(ZZ, 5,5, [2,0,-1,0,1,0,-2,-1,0,1,-1,-1,2,0,0,0,0,0,4,0,1,1,0,0,-6])),
[6]),

# Q_8 generic 1
(integer_lattice(; gram=matrix(ZZ, 17, 17, [4, 0, -1, 1, -1, 0, 1, 0, -1, -2, 1, -1, 1, -2, -2, -2, 1, 0, 4, -2, -2, -2, -2, 2, -2, -1, -1, 2, 2, 2, 2, 2, 1, -2, -1, -2, 4, 2, 2, 1, 0, 0, 2, 2, -2, -1, -1, 0, -1, -1, 0, 1, -2, 2, 4, 2, 2, 0, 1, 0, 1, 0, -1, 0, -1, -1, -2, 0, -1, -2, 2, 2, 4, 2, -1, 1, 0, 2, -2, 0, -2, 0, 0, -1, 1, 0, -2, 1, 2, 2, 4, -2, 1, -1, 2, -1, 0, -2, -1, -1, -2, 0, 1, 2, 0, 0, -1, -2, 4, -2, 0, -1, 2, 1, 2, 0, 1, 0, -1, 0, -2, 0, 1, 1, 1, -2, 4, 1, 1, -1, -2, 0, -1, -1, 0, 2, -1, -1, 2, 0, 0, -1, 0, 1, 4, 0, -2, -2, 0, 0, 0, 0, 0, -2, -1, 2, 1, 2, 2, -1, 1, 0, 4, -1, 0, -1, 1, 0, 0, 0, 1, 2, -2, 0, -2, -1, 2, -1, -2, -1, 4, 1, 2, 0, 1, 1, -1, -1, 2, -1, -1, 0, 0, 1, -2, -2, 0, 1, 4, 0, 1, 2, 1, -2, 1, 2, -1, 0, -2, -2, 2, 0, 0, -1, 2, 0, 4, 1, 0, 1, -1, -2, 2, 0, -1, 0, -1, 0, -1, 0, 1, 0, 1, 1, 4, 2, 1, -2, -2, 2, -1, -1, 0, -1, 1, -1, 0, 0, 1, 2, 0, 2, 4, 1, -2, -2, 1, -1, -2, -1, -2, 0, 0, 0, 0, 1, 1, 1, 1, 1, 4, 0, 1, -2, 0, 0, 1, 0, -1, 2, 0, 0, -1, -2, -1, -2, -2, 0, 4])),
integer_lattice(; gram=matrix(ZZ, 5,5, [0,0,0,0,4,0,4,0,0,2,0,0,-4,0,2,0,0,0,6,0,4,2,2,0,4])),
[2,3,4]),

# A_{3,3} generic 1
(integer_lattice(; gram=matrix(ZZ, 16, 16, [4, 1, 1, -2, 1, -1, -1, 0, 1, 1, -2, -1, 2, -2, 2, -2, 1, 4, -1, -1, 0, -2, -2, -1, 2, 1, -2, -2, -1, -2, -1, -1, 1, -1, 4, -1, 0, 0, -1, 2, -1, 1, -1, -1, 0, 0, 0, -2, -2, -1, -1, 4, 1, 0, 2, 1, -1, -2, 2, 2, 0, 0, 0, 2, 1, 0, 0, 1, 4, -2, 1, 2, 1, 1, 0, -1, 2, -2, 2, 0, -1, -2, 0, 0, -2, 4, 0, -1, -2, -2, 2, 1, 0, 2, 0, 1, -1, -2, -1, 2, 1, 0, 4, 0, 0, -1, 2, 2, 1, 0, 0, 1, 0, -1, 2, 1, 2, -1, 0, 4, -1, 1, 0, -1, 1, 0, 1, 0, 1, 2, -1, -1, 1, -2, 0, -1, 4, 2, -2, -1, 1, -1, -1, 0, 1, 1, 1, -2, 1, -2, -1, 1, 2, 4, -2, -2, 0, 0, 0, -1, -2, -2, -1, 2, 0, 2, 2, 0, -2, -2, 4, 2, 0, 1, 0, 1, -1, -2, -1, 2, -1, 1, 2, -1, -1, -2, 2, 4, 0, 1, 0, 1, 2, -1, 0, 0, 2, 0, 1, 1, 1, 0, 0, 0, 4, -1, 2, 0, -2, -2, 0, 0, -2, 2, 0, 0, -1, 0, 1, 1, -1, 4, -1, 2, 2, -1, 0, 0, 2, 0, 0, 1, -1, 0, 0, 0, 2, -1, 4, 0, -2, -1, -2, 2, 0, 1, 1, 0, 0, -1, 1, 1, 0, 2, 0, 4])),
integer_lattice(; gram=matrix(ZZ, 6,6, [0,3,0,0,0,0,3,0,0,0,0,0,0,0,0,3,0,0,0,0,3,0,0,0,0,0,0,0,6,3,0,0,0,0,3,6])),
[2,3,4,6,12]),

# A_{3,3} generic 2
(integer_lattice(; gram=matrix(ZZ, 16, 16, [4, 1, 1, -2, 1, -1, -1, 0, 1, 1, -2, -1, 2, -2, 2, -2, 1, 4, -1, -1, 0, -2, -2, -1, 2, 1, -2, -2, -1, -2, -1, -1, 1, -1, 4, -1, 0, 0, -1, 2, -1, 1, -1, -1, 0, 0, 0, -2, -2, -1, -1, 4, 1, 0, 2, 1, -1, -2, 2, 2, 0, 0, 0, 2, 1, 0, 0, 1, 4, -2, 1, 2, 1, 1, 0, -1, 2, -2, 2, 0, -1, -2, 0, 0, -2, 4, 0, -1, -2, -2, 2, 1, 0, 2, 0, 1, -1, -2, -1, 2, 1, 0, 4, 0, 0, -1, 2, 2, 1, 0, 0, 1, 0, -1, 2, 1, 2, -1, 0, 4, -1, 1, 0, -1, 1, 0, 1, 0, 1, 2, -1, -1, 1, -2, 0, -1, 4, 2, -2, -1, 1, -1, -1, 0, 1, 1, 1, -2, 1, -2, -1, 1, 2, 4, -2, -2, 0, 0, 0, -1, -2, -2, -1, 2, 0, 2, 2, 0, -2, -2, 4, 2, 0, 1, 0, 1, -1, -2, -1, 2, -1, 1, 2, -1, -1, -2, 2, 4, 0, 1, 0, 1, 2, -1, 0, 0, 2, 0, 1, 1, 1, 0, 0, 0, 4, -1, 2, 0, -2, -2, 0, 0, -2, 2, 0, 0, -1, 0, 1, 1, -1, 4, -1, 2, 2, -1, 0, 0, 2, 0, 0, 1, -1, 0, 0, 0, 2, -1, 4, 0, -2, -1, -2, 2, 0, 1, 1, 0, 0, -1, 1, 1, 0, 2, 0, 4])),
integer_lattice(; gram=matrix(ZZ, 6,6, [0,1,0,0,0,0,1,0,0,0,0,0,0,0,0,3,0,0,0,0,3,0,0,0,0,0,0,0,6,3,0,0,0,0,3,6])),
[4,6,12]),

# D_{12} generic 1
(integer_lattice(; gram=matrix(ZZ, 16, 16, [6, 3, 0, 2, 2, -3, -2, -2, 2, -3, 3, 0, 0, -1, 0, 3, 3, 6, -1, 0, -1, -3, -2, -1, 3, -1, 1, 1, -1, 1, -2, 3, 0, -1, 4, 2, 0, 1, 0, 1, -1, -2, 0, 1, 2, 1, 2, 1, 2, 0, 2, 4, 2, 0, -1, -1, 1, -2, 0, 1, 0, 1, 2, 1, 2, -1, 0, 2, 4, -1, 0, -2, 0, -1, 0, -1, -1, -1, 2, 0, -3, -3, 1, 0, -1, 4, 1, 1, -1, 1, -1, 1, 1, 1, 0, -2, -2, -2, 0, -1, 0, 1, 4, 2, -2, 1, -2, -2, -1, 1, 0, 0, -2, -1, 1, -1, -2, 1, 2, 4, -2, 0, -1, -1, 0, 1, -1, 0, 2, 3, -1, 1, 0, -1, -2, -2, 4, -1, 1, 2, 0, 0, -1, 1, -3, -1, -2, -2, -1, 1, 1, 0, -1, 4, -2, -1, -1, 0, -1, -2, 3, 1, 0, 0, 0, -1, -2, -1, 1, -2, 4, 1, 1, -2, 0, 1, 0, 1, 1, 1, -1, 1, -2, -1, 2, -1, 1, 4, 1, 0, 0, 0, 0, -1, 2, 0, -1, 1, -1, 0, 0, -1, 1, 1, 4, 0, 1, 0, -1, 1, 1, 1, -1, 1, 1, 1, 0, 0, -2, 0, 0, 4, 0, 1, 0, -2, 2, 2, 2, 0, 0, -1, -1, -1, 0, 0, 1, 0, 4, 0, 3, 3, 1, 1, 0, -2, 0, 0, 1, -2, 1, 0, 0, 1, 0, 4])),
integer_lattice(; gram=matrix(ZZ, 6,6, [0,6,0,0,0,0,6,0,0,0,0,0,0,0,0,6,0,0,0,0,6,0,0,0,0,0,0,0,2,1,0,0,0,0,1,2])),
[2,3,4,6,12]),

# D_{12} generic 2
(integer_lattice(; gram=matrix(ZZ, 16, 16, [6, 3, 0, 2, 2, -3, -2, -2, 2, -3, 3, 0, 0, -1, 0, 3, 3, 6, -1, 0, -1, -3, -2, -1, 3, -1, 1, 1, -1, 1, -2, 3, 0, -1, 4, 2, 0, 1, 0, 1, -1, -2, 0, 1, 2, 1, 2, 1, 2, 0, 2, 4, 2, 0, -1, -1, 1, -2, 0, 1, 0, 1, 2, 1, 2, -1, 0, 2, 4, -1, 0, -2, 0, -1, 0, -1, -1, -1, 2, 0, -3, -3, 1, 0, -1, 4, 1, 1, -1, 1, -1, 1, 1, 1, 0, -2, -2, -2, 0, -1, 0, 1, 4, 2, -2, 1, -2, -2, -1, 1, 0, 0, -2, -1, 1, -1, -2, 1, 2, 4, -2, 0, -1, -1, 0, 1, -1, 0, 2, 3, -1, 1, 0, -1, -2, -2, 4, -1, 1, 2, 0, 0, -1, 1, -3, -1, -2, -2, -1, 1, 1, 0, -1, 4, -2, -1, -1, 0, -1, -2, 3, 1, 0, 0, 0, -1, -2, -1, 1, -2, 4, 1, 1, -2, 0, 1, 0, 1, 1, 1, -1, 1, -2, -1, 2, -1, 1, 4, 1, 0, 0, 0, 0, -1, 2, 0, -1, 1, -1, 0, 0, -1, 1, 1, 4, 0, 1, 0, -1, 1, 1, 1, -1, 1, 1, 1, 0, 0, -2, 0, 0, 4, 0, 1, 0, -2, 2, 2, 2, 0, 0, -1, -1, -1, 0, 0, 1, 0, 4, 0, 3, 3, 1, 1, 0, -2, 0, 0, 1, -2, 1, 0, 0, 1, 0, 4])),
integer_lattice(; gram=matrix(ZZ, 6,6, [0,2,0,0,0,0,2,0,0,0,0,0,0,0,0,6,0,0,0,0,6,0,0,0,0,0,0,0,2,1,0,0,0,0,1,2])),
[4,6,12]),

# A_4 generic 1
(integer_lattice(; gram=matrix(ZZ, 16, 16, [4, 1, -2, -2, -2, -2, 2, 2, -1, -2, -2, 1, 2, 2, -2, -2, 1, 4, 0, -2, -2, -2, 2, 2, -2, -1, -1, -1, 2, 1, 0, -1, -2, 0, 4, 2, 0, 1, -1, -2, 1, 2, 0, -2, -1, 0, 2, 1, -2, -2, 2, 4, 2, 1, -2, -2, 1, 2, 0, 0, -2, 0, 2, 2, -2, -2, 0, 2, 4, 2, -2, -2, 1, 2, 2, 1, -1, -2, 0, 2, -2, -2, 1, 1, 2, 4, -1, -2, 2, 2, 2, -1, -2, -1, 1, 2, 2, 2, -1, -2, -2, -1, 4, 1, -2, -2, -2, -1, 1, 1, 0, -2, 2, 2, -2, -2, -2, -2, 1, 4, -1, -2, -1, 0, 2, 2, -1, -1, -1, -2, 1, 1, 1, 2, -2, -1, 4, 2, 2, -1, -2, 0, 1, 2, -2, -1, 2, 2, 2, 2, -2, -2, 2, 4, 1, -1, -1, 0, 1, 2, -2, -1, 0, 0, 2, 2, -2, -1, 2, 1, 4, 0, -1, -2, 0, 2, 1, -1, -2, 0, 1, -1, -1, 0, -1, -1, 0, 4, 1, -1, -2, -1, 2, 2, -1, -2, -1, -2, 1, 2, -2, -1, -1, 1, 4, 1, -2, -2, 2, 1, 0, 0, -2, -1, 1, 2, 0, 0, -2, -1, 1, 4, 0, 0, -2, 0, 2, 2, 0, 1, 0, -1, 1, 1, 0, -2, -2, 0, 4, 1, -2, -1, 1, 2, 2, 2, -2, -1, 2, 2, 2, -1, -2, 0, 1, 4])),
integer_lattice(; gram=matrix(ZZ, 6,6, [0,0,0,0,0,2,0,-2,0,0,0,1,0,0,6,0,0,1,0,0,0,6,0,-1,0,0,0,0,6,1,2,1,1,-1,1,2])),
[2,3,6]),

# A_4 generic 2
(integer_lattice(; gram=matrix(ZZ, 16, 16, [4, 1, -2, -2, -2, -2, 2, 2, -1, -2, -2, 1, 2, 2, -2, -2, 1, 4, 0, -2, -2, -2, 2, 2, -2, -1, -1, -1, 2, 1, 0, -1, -2, 0, 4, 2, 0, 1, -1, -2, 1, 2, 0, -2, -1, 0, 2, 1, -2, -2, 2, 4, 2, 1, -2, -2, 1, 2, 0, 0, -2, 0, 2, 2, -2, -2, 0, 2, 4, 2, -2, -2, 1, 2, 2, 1, -1, -2, 0, 2, -2, -2, 1, 1, 2, 4, -1, -2, 2, 2, 2, -1, -2, -1, 1, 2, 2, 2, -1, -2, -2, -1, 4, 1, -2, -2, -2, -1, 1, 1, 0, -2, 2, 2, -2, -2, -2, -2, 1, 4, -1, -2, -1, 0, 2, 2, -1, -1, -1, -2, 1, 1, 1, 2, -2, -1, 4, 2, 2, -1, -2, 0, 1, 2, -2, -1, 2, 2, 2, 2, -2, -2, 2, 4, 1, -1, -1, 0, 1, 2, -2, -1, 0, 0, 2, 2, -2, -1, 2, 1, 4, 0, -1, -2, 0, 2, 1, -1, -2, 0, 1, -1, -1, 0, -1, -1, 0, 4, 1, -1, -2, -1, 2, 2, -1, -2, -1, -2, 1, 2, -2, -1, -1, 1, 4, 1, -2, -2, 2, 1, 0, 0, -2, -1, 1, 2, 0, 0, -2, -1, 1, 4, 0, 0, -2, 0, 2, 2, 0, 1, 0, -1, 1, 1, 0, -2, -2, 0, 4, 1, -2, -1, 1, 2, 2, 2, -2, -1, 2, 2, 2, -1, -2, 0, 1, 4])),
integer_lattice(; gram=matrix(ZZ, 6,6, [2,1,-1,-1,0,0,1,2,0,0,0,0,-1,0,-2,2,0,0,-1,0,2,-2,0,0,0,0,0,0,4,2,0,0,0,0,2,4])),
[6]),

# D_{10} generic 1
(integer_lattice(; gram=matrix(ZZ, 16, 16, [4, -2, 0, 1, 2, 0, 2, 2, -2, -1, 0, -2, -2, -1, -2, -2, -2, 4, 1, -1, 0, 1, -2, -2, 0, -1, -1, 2, 2, -1, 0, 0, 0, 1, 4, 1, 0, 2, -1, -1, 1, 1, 1, -1, 1, 1, -1, -1, 1, -1, 1, 4, 1, 2, 1, -1, 1, 1, -1, 0, -2, -1, -2, 1, 2, 0, 0, 1, 4, 1, 2, 1, -2, 0, -2, -1, -2, -2, -1, -1, 0, 1, 2, 2, 1, 4, 0, -2, 0, 0, 0, 0, 0, -1, -2, 0, 2, -2, -1, 1, 2, 0, 4, 2, -2, 1, 0, -1, -2, 0, -1, -1, 2, -2, -1, -1, 1, -2, 2, 4, -2, 0, 0, -2, -1, 1, 0, -2, -2, 0, 1, 1, -2, 0, -2, -2, 4, 1, 0, 1, 1, 1, 1, 2, -1, -1, 1, 1, 0, 0, 1, 0, 1, 4, 0, -1, 0, 1, 1, 1, 0, -1, 1, -1, -2, 0, 0, 0, 0, 0, 4, -1, 1, 2, 0, -1, -2, 2, -1, 0, -1, 0, -1, -2, 1, -1, -1, 4, 1, -1, 0, 1, -2, 2, 1, -2, -2, 0, -2, -1, 1, 0, 1, 1, 4, 1, 1, 0, -1, -1, 1, -1, -2, -1, 0, 1, 1, 1, 2, -1, 1, 4, 1, 0, -2, 0, -1, -2, -1, -2, -1, 0, 1, 1, 0, 0, 1, 1, 4, 1, -2, 0, -1, 1, -1, 0, -1, -2, 2, 1, -1, 1, 0, 0, 1, 4])),
integer_lattice(; gram=matrix(ZZ, 6,6, [2,1,0,0,0,0,1,-2,0,0,0,0,0,0,4,-1,-1,-1,0,0,-1,4,-1,-1,0,0,-1,-1,4,-1,0,0,-1,-1,-1,-6])),
[2,3,4,6,12]),

# D_8 generic 1
(integer_lattice(; gram=matrix(ZZ, 15, 15, [4, -2, -2, 2, 1, -1, 1, 1, 2, -2, -2, -2, 0, -2, 2, -2, 4, 2, -2, 0, 0, -1, 1, 0, 2, 2, 1, 1, 0, -2, -2, 2, 4, 0, 0, 0, -2, 0, -1, 2, 2, 0, -1, 2, -1, 2, -2, 0, 4, 0, 0, -1, -1, 1, 0, -2, -1, -2, 0, 1, 1, 0, 0, 0, 4, 1, 0, 1, 1, 1, -1, -2, -1, 1, 2, -1, 0, 0, 0, 1, 4, 1, -2, 1, 0, 0, -1, -2, 1, 0, 1, -1, -2, -1, 0, 1, 4, 0, 0, -2, -1, 0, 0, -1, 1, 1, 1, 0, -1, 1, -2, 0, 4, 1, 0, 1, -1, 2, -1, 0, 2, 0, -1, 1, 1, 1, 0, 1, 4, -1, 0, -2, 0, -2, 0, -2, 2, 2, 0, 1, 0, -2, 0, -1, 4, 0, 1, -1, 2, -1, -2, 2, 2, -2, -1, 0, -1, 1, 0, 0, 4, 0, 1, 0, -2, -2, 1, 0, -1, -2, -1, 0, -1, -2, 1, 0, 4, 1, 0, -1, 0, 1, -1, -2, -1, -2, 0, 2, 0, -1, 1, 1, 4, -2, -1, -2, 0, 2, 0, 1, 1, -1, -1, -2, 2, 0, 0, -2, 4, 0, 2, -2, -1, 1, 2, 0, 1, 0, 0, -1, -2, -1, -1, 0, 4])),
integer_lattice(; gram=matrix(ZZ, 7,7, [4,0,0,0,0,0,0,0,0,4,0,0,0,0,0,4,0,0,0,0,0,0,0,0,0,4,0,0,0,0,0,4,0,0,0,0,0,0,0,0,2,1,0,0,0,0,0,1,2])),
[2,3,4,6]),

# 4 generic 1
(integer_lattice(; gram=matrix(ZZ, 14, 14, [4, 1, 2, -2, -1, 2, 2, -1, 1, 2, -1, 2, -1, 1, 1, 4, 1, -2, 0, 2, 2, -2, 2, 2, -2, 1, 1, 2, 2, 1, 4, -2, 1, 2, 2, -2, 0, 0, 0, 0, 1, 0, -2, -2, -2, 4, 1, -2, -1, 1, -2, -2, 2, -1, 0, 0, -1, 0, 1, 1, 4, -1, 0, -2, -1, -2, 0, 0, 0, -1, 2, 2, 2, -2, -1, 4, 1, -1, 2, 2, 0, 1, 0, 2, 2, 2, 2, -1, 0, 1, 4, -1, 0, 1, -1, 1, 1, 1, -1, -2, -2, 1, -2, -1, -1, 4, 0, 0, 1, 0, -1, 0, 1, 2, 0, -2, -1, 2, 0, 0, 4, 2, -2, 2, 0, 2, 2, 2, 0, -2, -2, 2, 1, 0, 2, 4, -2, 1, 0, 1, -1, -2, 0, 2, 0, 0, -1, 1, -2, -2, 4, -1, 0, 0, 2, 1, 0, -1, 0, 1, 1, 0, 2, 1, -1, 4, -2, 1, -1, 1, 1, 0, 0, 0, 1, -1, 0, 0, 0, -2, 4, 0, 1, 2, 0, 0, -1, 2, 1, 0, 2, 1, 0, 1, 0, 4])),
integer_lattice(; gram=matrix(ZZ, 8,8, [2,0,0,0,0,0,0,0,0,2,0,0,0,0,0,0,0,0,0,4,0,0,0,0,0,0,4,0,0,0,0,0,0,0,0,0,0,4,0,0,0,0,0,0,4,0,0,0,0,0,0,0,0,0,2,1,0,0,0,0,0,0,1,2])),
[2,3,4,6,8,12]),

# S_3 generic 1
(integer_lattice(; gram=matrix(ZZ, 14, 14, [4, 2, -2, 2, 2, 2, 1, 2, 2, -1, -1, -2, 1, -2, 2, 4, -1, 2, 2, 2, -1, 2, 0, -2, -2, 0, 2, 0, -2, -1, 4, -2, 0, 0, 0, -2, -2, 1, 1, 1, -1, 1, 2, 2, -2, 4, 2, 0, -1, 1, 2, 0, -2, 0, 2, -1, 2, 2, 0, 2, 4, 2, -1, 1, 0, -1, -2, -1, 2, 0, 2, 2, 0, 0, 2, 4, 0, 2, 0, -1, 0, -1, 0, -1, 1, -1, 0, -1, -1, 0, 4, 1, 0, 1, 2, -2, -2, 0, 2, 2, -2, 1, 1, 2, 1, 4, 0, -1, 0, -2, 0, 0, 2, 0, -2, 2, 0, 0, 0, 0, 4, 0, 0, 0, 0, -2, -1, -2, 1, 0, -1, -1, 1, -1, 0, 4, 2, 0, -1, -1, -1, -2, 1, -2, -2, 0, 2, 0, 0, 2, 4, 0, -2, 0, -2, 0, 1, 0, -1, -1, -2, -2, 0, 0, 0, 4, 0, 0, 1, 2, -1, 2, 2, 0, -2, 0, 0, -1, -2, 0, 4, 0, -2, 0, 1, -1, 0, -1, 0, 0, -2, -1, 0, 0, 0, 4])),
integer_lattice(; gram=matrix(ZZ, 8,8, [0,1,0,0,0,0,0,0,1,0,0,0,0,0,0,0,0,0,0,3,0,0,0,0,0,0,3,0,0,0,0,0,0,0,0,0,6,3,-3,-3,0,0,0,0,3,6,-3,0,0,0,0,0,-3,-3,6,3,0,0,0,0,-3,0,3,6])),
[2,3,4,6,8,12,24]),

# S_3 generic 2
(integer_lattice(; gram=matrix(ZZ, 14, 14, [4, 2, -2, 2, 2, 2, 1, 2, 2, -1, -1, -2, 1, -2, 2, 4, -1, 2, 2, 2, -1, 2, 0, -2, -2, 0, 2, 0, -2, -1, 4, -2, 0, 0, 0, -2, -2, 1, 1, 1, -1, 1, 2, 2, -2, 4, 2, 0, -1, 1, 2, 0, -2, 0, 2, -1, 2, 2, 0, 2, 4, 2, -1, 1, 0, -1, -2, -1, 2, 0, 2, 2, 0, 0, 2, 4, 0, 2, 0, -1, 0, -1, 0, -1, 1, -1, 0, -1, -1, 0, 4, 1, 0, 1, 2, -2, -2, 0, 2, 2, -2, 1, 1, 2, 1, 4, 0, -1, 0, -2, 0, 0, 2, 0, -2, 2, 0, 0, 0, 0, 4, 0, 0, 0, 0, -2, -1, -2, 1, 0, -1, -1, 1, -1, 0, 4, 2, 0, -1, -1, -1, -2, 1, -2, -2, 0, 2, 0, 0, 2, 4, 0, -2, 0, -2, 0, 1, 0, -1, -1, -2, -2, 0, 0, 0, 4, 0, 0, 1, 2, -1, 2, 2, 0, -2, 0, 0, -1, -2, 0, 4, 0, -2, 0, 1, -1, 0, -1, 0, 0, -2, -1, 0, 0, 0, 4])),
integer_lattice(; gram=matrix(ZZ, 8,8, [0,1,0,0,0,0,0,0,1,0,0,0,0,0,0,0,0,0,0,0,0,0,0,3,0,0,0,2,1,0,0,0,0,0,0,1,2,0,0,0,0,0,0,0,0,4,2,-1,0,0,0,0,0,2,4,1,0,0,3,0,0,-1,1,-2])),
[4,6,8,12,24]),

# 2^2 generic 1
(integer_lattice(; gram=matrix(ZZ, 12, 12, [4, 2, -2, -1, -2, 1, -2, 1, -2, -2, -1, -1, 2, 4, -2, 1, 0, 2, -2, -1, 0, -2, -2, -2, -2, -2, 4, -1, 0, 0, 2, -1, 0, 0, 2, 2, -1, 1, -1, 4, 0, 1, 1, 0, 2, 1, -2, -2, -2, 0, 0, 0, 4, 0, 0, -2, 2, 0, 0, 0, 1, 2, 0, 1, 0, 4, 0, -2, 0, -2, -2, -2, -2, -2, 2, 1, 0, 0, 4, -1, 0, 2, 0, 0, 1, -1, -1, 0, -2, -2, -1, 4, 0, 1, 1, 1, -2, 0, 0, 2, 2, 0, 0, 0, 4, 0, 0, 0, -2, -2, 0, 1, 0, -2, 2, 1, 0, 4, 0, 0, -1, -2, 2, -2, 0, -2, 0, 1, 0, 0, 4, 2, -1, -2, 2, -2, 0, -2, 0, 1, 0, 0, 2, 4])),
integer_lattice(; gram=matrix(ZZ, 10,10, [0,2,0,0,0,0,0,0,0,0,2,0,0,0,0,0,0,0,0,0,0,0,0,2,0,0,0,0,0,0,0,0,2,0,0,0,0,0,0,0,0,0,0,0,8,4,0,0,0,0,0,0,0,0,4,8,0,0,0,0,0,0,0,0,0,0,2,1,1,-1,0,0,0,0,0,0,1,2,1,0,0,0,0,0,0,0,1,1,2,-1,0,0,0,0,0,0,-1,0,-1,2])),
[2,3,4,6,12]),

# 3 generic 1
(integer_lattice(; gram=matrix(ZZ, 12, 12, [4, 1, -2, 2, 2, 1, -2, 2, -1, 1, 2, -2, 1, 4, 0, 2, -1, -1, 1, -1, -2, 2, -1, 1, -2, 0, 4, -1, -2, 0, 2, 0, -1, 1, 0, 0, 2, 2, -1, 4, 0, -1, 0, 0, 0, 2, 0, -1, 2, -1, -2, 0, 4, 0, -2, 2, 1, 0, 2, -2, 1, -1, 0, -1, 0, 4, -2, 2, 0, -1, 0, -1, -2, 1, 2, 0, -2, -2, 4, -2, 0, 0, -1, 2, 2, -1, 0, 0, 2, 2, -2, 4, 0, 1, 2, -2, -1, -2, -1, 0, 1, 0, 0, 0, 4, -1, -1, 0, 1, 2, 1, 2, 0, -1, 0, 1, -1, 4, 1, -1, 2, -1, 0, 0, 2, 0, -1, 2, -1, 1, 4, -2, -2, 1, 0, -1, -2, -1, 2, -2, 0, -1, -2, 4])),
integer_lattice(; gram=matrix(ZZ, 10,10, [0,0,0,0,0,0,0,0,0,3,0,0,0,0,0,0,0,0,3,0,0,0,2,0,0,0,0,-1,0,0,0,0,0,2,-1,0,0,0,-1,1,0,0,0,-1,2,0,0,0,-1,1,0,0,0,0,0,2,1,0,0,0,0,0,0,0,0,1,2,0,0,0,0,0,-1,0,0,0,0,2,0,0,0,3,0,-1,-1,0,0,0,2,1,3,0,0,1,1,0,0,0,1,2])),
[2,3,4,6,8,12,16,24]),

# 3 generic 2
(integer_lattice(; gram=matrix(ZZ, 12, 12, [4, 1, -2, 2, 2, 1, -2, 2, -1, 1, 2, -2, 1, 4, 0, 2, -1, -1, 1, -1, -2, 2, -1, 1, -2, 0, 4, -1, -2, 0, 2, 0, -1, 1, 0, 0, 2, 2, -1, 4, 0, -1, 0, 0, 0, 2, 0, -1, 2, -1, -2, 0, 4, 0, -2, 2, 1, 0, 2, -2, 1, -1, 0, -1, 0, 4, -2, 2, 0, -1, 0, -1, -2, 1, 2, 0, -2, -2, 4, -2, 0, 0, -1, 2, 2, -1, 0, 0, 2, 2, -2, 4, 0, 1, 2, -2, -1, -2, -1, 0, 1, 0, 0, 0, 4, -1, -1, 0, 1, 2, 1, 2, 0, -1, 0, 1, -1, 4, 1, -1, 2, -1, 0, 0, 2, 0, -1, 2, -1, 1, 4, -2, -2, 1, 0, -1, -2, -1, 2, -2, 0, -1, -2, 4])),
integer_lattice(; gram=matrix(ZZ, 10,10, [0,1,0,0,0,0,0,0,0,0,1,0,0,0,0,0,0,0,0,0,0,0,0,1,0,0,0,0,0,0,0,0,1,0,0,0,0,0,0,0,0,0,0,0,4,2,-1,1,-1,-1,0,0,0,0,2,4,-1,2,-2,-2,0,0,0,0,-2,-1,4,-2,2,2,0,0,0,0,1,2,-2,4,-1,-1,0,0,0,0,-1,-2,2,-1,4,1,0,0,0,0,-2,-1,2,-1,1,4])),
[4,6,8,12,16,24]),

# 2 generic 1
(integer_lattice(; gram=matrix(ZZ, 8, 8, [4, -2, 2, 2, -2, -2, -2, 2, -2, 4, -2, 0, 0, 2, 2, 0, 2, -2, 4, 2, -2, -2, -2, 0, 2, 0, 2, 4, -2, -2, -2, 2, -2, 0, -2, -2, 4, 0, 0, 0, -2, 2, -2, -2, 0, 4, 2, -2, -2, 2, -2, -2, 0, 2, 4, -2, 2, 0, 0, 2, 0, -2, -2, 4])),
integer_lattice(; gram=matrix(ZZ, 14,14, [0,1,0,0,0,0,0,0,0,0,0,0,0,0,1,0,0,0,0,0,0,0,0,0,0,0,0,0,0,0,0,1,0,0,0,0,0,0,0,0,0,0,0,0,1,0,0,0,0,0,0,0,0,0,0,0,0,0,0,0,2,1,0,0,0,0,0,0,0,0,0,0,0,0,1,2,0,0,0,0,0,0,0,0,0,0,0,0,0,0,4,-2,2,2,-2,2,2,-2,0,0,0,0,0,0,-2,4,0,0,0,0,-2,2,0,0,0,0,0,0,2,0,4,0,-2,0,2,-2,0,0,0,0,0,0,2,0,0,4,-2,2,0,0,0,0,0,0,0,0,-2,0,-2,-2,4,0,0,0,0,0,0,0,0,0,2,0,0,2,0,4,0,0,0,0,0,0,0,0,2,-2,2,0,0,0,4,-2,0,0,0,0,0,0,-2,2,-2,0,0,0,-2,4])),
[2,3,4,6,8,12,16,24]),

# 1 generic 1
(integer_lattice(; gram=matrix(ZZ, 0, 0, [])),
integer_lattice(; gram=matrix(ZZ,22,22, [ 2,-1,0,0,0,0, 0, 0, 0, 0, 0, 0, 0, 0, 0, 0, 0, 0, 0, 0, 0, 0, -1, 2,0,0,0,0, 0, 0, 0, 0, 0, 0, 0, 0, 0, 0, 0, 0, 0, 0, 0, 0, 0, 0,0,1,0,0, 0, 0, 0, 0, 0, 0, 0, 0, 0, 0, 0, 0, 0, 0, 0, 0, 0, 0,1,0,0,0, 0, 0, 0, 0, 0, 0, 0, 0, 0, 0, 0, 0, 0, 0, 0, 0, 0, 0,0,0,0,1, 0, 0, 0, 0, 0, 0, 0, 0, 0, 0, 0, 0, 0, 0, 0, 0, 0, 0,0,0,1,0, 0, 0, 0, 0, 0, 0, 0, 0, 0, 0, 0, 0, 0, 0, 0, 0, 0, 0,0,0,0,0, 2,-1, 0, 0, 0, 0, 0, 0, 0, 0, 0, 0, 0, 0, 0, 0, 0, 0,0,0,0,0,-1, 2,-1, 0, 0, 0, 0, 0, 0, 0, 0, 0, 0, 0, 0, 0, 0, 0,0,0,0,0, 0,-1, 2,-1, 0, 0, 0,-1, 0, 0, 0, 0, 0, 0, 0, 0, 0, 0,0,0,0,0, 0, 0,-1, 2,-1, 0, 0, 0, 0, 0, 0, 0, 0, 0, 0, 0, 0, 0,0,0,0,0, 0, 0, 0,-1, 2,-1, 0, 0, 0, 0, 0, 0, 0, 0, 0, 0, 0, 0,0,0,0,0, 0, 0, 0, 0,-1, 2,-1, 0, 0, 0, 0, 0, 0, 0, 0, 0, 0, 0,0,0,0,0, 0, 0, 0, 0, 0,-1, 2, 0, 0, 0, 0, 0, 0, 0, 0, 0, 0, 0,0,0,0,0, 0, 0,-1, 0, 0, 0, 0, 2, 0, 0, 0, 0, 0, 0, 0, 0, 0, 0,0,0,0,0, 0, 0, 0, 0, 0, 0, 0, 0, 2,-1, 0, 0, 0, 0, 0, 0, 0, 0,0,0,0,0, 0, 0, 0, 0, 0, 0, 0, 0,-1, 2,-1, 0, 0, 0, 0, 0, 0, 0,0,0,0,0, 0, 0, 0, 0, 0, 0, 0, 0, 0,-1, 2,-1, 0, 0, 0,-1, 0, 0,0,0,0,0, 0, 0, 0, 0, 0, 0, 0, 0, 0, 0,-1, 2,-1, 0, 0, 0, 0, 0,0,0,0,0, 0, 0, 0, 0, 0, 0, 0, 0, 0, 0, 0,-1, 2,-1, 0, 0, 0, 0,0,0,0,0, 0, 0, 0, 0, 0, 0, 0, 0, 0, 0, 0, 0,-1, 2,-1, 0, 0, 0,0,0,0,0, 0, 0, 0, 0, 0, 0, 0, 0, 0, 0, 0, 0, 0,-1, 2, 0, 0, 0,0,0,0,0, 0, 0, 0, 0, 0, 0, 0, 0, 0, 0,-1, 0, 0, 0, 0, 2])),
[2,3,4,6,8,12,16,24,32,48]),
]

symplectic_incident_pairs = []